236
238
189
52
91
223
224
225
224
222
226
102
46
181
238
236
236
232
86
0
22
164
190
126
173
192
167
28
0
74
229
237
237
225
51
16
151
245
253
171
223
255
246
156
19
40
219
237
236
234
117
162
254
247
255
246
251
255
248
254
168
108
231
236
238
211
192
255
179
80
179
201
219
196
82
167
255
192
206
238
229
185
244
255
132
52
56
42
63
69
50
114
255
246
182
227
196
197
255
219
41
28
151
87
97
157
30
32
209
255
200
189
161
211
255
142
0
52
144
94
95
147
54
0
127
255
215
154
135
199
255
168
94
176
105
73
68
95
173
99
157
254
203
128
170
159
229
246
249
238
67
1
1
54
231
249
245
230
163
160
208
125
184
208
215
216
85
29
30
74
212
215
208
186
123
201
238
200
99
96
136
151
84
44
45
75
150
137
98
94
194
238
236
238
178
66
51
28
78
51
50
75
29
49
62
170
237
236
236
236
238
219
194
91
123
102
99
125
86
191
217
238
236
236
236
236
236
237
240
183
73
57
57
69
174
240
237
236
236
236
236
236
236
236
236
232
123
25
23
114
230
237
236
236
236
236
